0.0,0.0,0.0,0.0,0.0,0.0,0.0,0.0,0.0,0.0,0.0,0.0,0.0,0.0,0.0,0.0,0.0,0.0,0.0,0.0,0.0,0.0,0.0,0.0001,0.0003,0.0008,0.002,0.0043,0.0085,0.0158,0.027,0.0427,0.0622,0.0836,0.1032,0.117,0.1213,0.1148,0.0987,0.0767,0.0537,0.0336,0.0187,0.0091,0.0039,0.0014,0.0004,0.0001,0.0,0.0,0.0,
0.0,0.0,0.0,0.0,0.0,0.0,0.0,0.0,0.0,0.0,0.0,0.0,0.0,0.0,0.0,0.0,0.0,0.0,0.0,0.0,0.0,0.0,0.0,0.0,0.0001,0.0003,0.0008,0.002,0.0043,0.0085,0.0158,0.027,0.0427,0.0622,0.0836,0.1032,0.117,0.1213,0.1148,0.0987,0.0767,0.0537,0.0336,0.0187,0.0091,0.0039,0.0014,0.0004,0.0001,0.0,0.0,
0.0,0.0,0.0,0.0,0.0,0.0,0.0,0.0,0.0,0.0,0.0,0.0,0.0,0.0,0.0,0.0,0.0,0.0,0.0,0.0,0.0,0.0,0.0,0.0,0.0,0.0001,0.0003,0.0008,0.002,0.0043,0.0085,0.0158,0.027,0.0427,0.0622,0.0836,0.1032,0.117,0.1213,0.1148,0.0987,0.0767,0.0537,0.0336,0.0187,0.0091,0.0039,0.0014,0.0004,0.0001,0.0,
0.0,0.0,0.0,0.0,0.0,0.0,0.0,0.0,0.0,0.0,0.0,0.0,0.0,0.0,0.0,0.0,0.0,0.0,0.0,0.0,0.0,0.0,0.0,0.0,0.0,0.0,0.0001,0.0003,0.0008,0.002,0.0043,0.0085,0.0158,0.027,0.0427,0.0622,0.0836,0.1032,0.117,0.1213,0.1148,0.0987,0.0767,0.0537,0.0336,0.0187,0.0091,0.0039,0.0014,0.0004,0.0001,
0.0,0.0,0.0,0.0,0.0,0.0,0.0,0.0,0.0,0.0,0.0,0.0,0.0,0.0,0.0,0.0,0.0,0.0,0.0,0.0,0.0,0.0,0.0,0.0,0.0,0.0,0.0,0.0001,0.0003,0.0008,0.002,0.0043,0.0085,0.0158,0.027,0.0427,0.0622,0.0836,0.1032,0.117,0.1213,0.1148,0.0987,0.0767,0.0537,0.0336,0.0187,0.0091,0.0039,0.0014,0.0004,
0.0001,0.0001,0.0001,0.0001,0.0001,0.0,0.0,0.0,0.0,0.0,0.0,0.0,0.0,0.0,0.0,0.0,0.0,0.0,0.0,0.0,0.0,0.0,0.0,0.0,0.0,0.0,0.0,0.0,0.0001,0.0003,0.0008,0.002,0.0043,0.0085,0.0158,0.027,0.0427,0.0622,0.0836,0.1032,0.117,0.1213,0.1148,0.0987,0.0767,0.0537,0.0336,0.0187,0.0091,0.0039,0.0014,
0.0003,0.0003,0.0003,0.0003,0.0003,0.0003,0.0,0.0,0.0,0.0,0.0,0.0,0.0,0.0,0.0,0.0,0.0,0.0,0.0,0.0,0.0,0.0,0.0,0.0,0.0,0.0,0.0,0.0,0.0,0.0001,0.0003,0.0008,0.002,0.0043,0.0085,0.0158,0.027,0.0427,0.0622,0.0836,0.1032,0.117,0.1213,0.1148,0.0987,0.0767,0.0537,0.0336,0.0187,0.0091,0.0039,
0.0008,0.0008,0.0008,0.0008,0.0008,0.0008,0.0008,0.0,0.0,0.0,0.0,0.0,0.0,0.0,0.0,0.0,0.0,0.0,0.0,0.0,0.0,0.0,0.0,0.0,0.0,0.0,0.0,0.0,0.0,0.0,0.0001,0.0003,0.0008,0.002,0.0043,0.0085,0.0158,0.027,0.0427,0.0622,0.0836,0.1032,0.117,0.1213,0.1148,0.0987,0.0767,0.0537,0.0336,0.0187,0.0091,
0.0019,0.0019,0.0019,0.0019,0.0019,0.0019,0.0019,0.0019,0.0,0.0,0.0,0.0,0.0,0.0,0.0,0.0,0.0,0.0,0.0,0.0,0.0,0.0,0.0,0.0,0.0,0.0,0.0,0.0,0.0,0.0,0.0,0.0001,0.0003,0.0008,0.002,0.0043,0.0085,0.0158,0.027,0.0427,0.0622,0.0836,0.1032,0.117,0.1213,0.1148,0.0987,0.0767,0.0537,0.0336,0.0187,
0.0037,0.0037,0.0037,0.0037,0.0037,0.0037,0.0037,0.0037,0.0037,0.0,0.0,0.0,0.0,0.0,0.0,0.0,0.0,0.0,0.0,0.0,0.0,0.0,0.0,0.0,0.0,0.0,0.0,0.0,0.0,0.0,0.0,0.0,0.0001,0.0003,0.0008,0.002,0.0043,0.0085,0.0158,0.027,0.0427,0.0622,0.0836,0.1032,0.117,0.1213,0.1148,0.0987,0.0767,0.0537,0.0336,
0.0067,0.0067,0.0067,0.0067,0.0067,0.0067,0.0067,0.0067,0.0067,0.0067,0.0,0.0,0.0,0.0,0.0,0.0,0.0,0.0,0.0,0.0,0.0,0.0,0.0,0.0,0.0,0.0,0.0,0.0,0.0,0.0,0.0,0.0,0.0,0.0001,0.0003,0.0008,0.002,0.0043,0.0085,0.0158,0.027,0.0427,0.0622,0.0836,0.1032,0.117,0.1213,0.1148,0.0987,0.0767,0.0537,
0.011,0.011,0.011,0.011,0.011,0.011,0.011,0.011,0.011,0.011,0.011,0.0,0.0,0.0,0.0,0.0,0.0,0.0,0.0,0.0,0.0,0.0,0.0,0.0,0.0,0.0,0.0,0.0,0.0,0.0,0.0,0.0,0.0,0.0,0.0001,0.0003,0.0008,0.002,0.0043,0.0085,0.0158,0.027,0.0427,0.0622,0.0836,0.1032,0.117,0.1213,0.1148,0.0987,0.0767,
0.0165,0.0165,0.0165,0.0165,0.0165,0.0165,0.0165,0.0165,0.0165,0.0165,0.0165,0.0165,0.0,0.0,0.0,0.0,0.0,0.0,0.0,0.0,0.0,0.0,0.0,0.0,0.0,0.0,0.0,0.0,0.0,0.0,0.0,0.0,0.0,0.0,0.0,0.0001,0.0003,0.0008,0.002,0.0043,0.0085,0.0158,0.027,0.0427,0.0622,0.0836,0.1032,0.117,0.1213,0.1148,0.0987,
0.0228,0.0228,0.0228,0.0228,0.0228,0.0228,0.0228,0.0228,0.0228,0.0228,0.0228,0.0228,0.0228,0.0,0.0,0.0,0.0,0.0,0.0,0.0,0.0,0.0,0.0,0.0,0.0,0.0,0.0,0.0,0.0,0.0,0.0,0.0,0.0,0.0,0.0,0.0,0.0001,0.0003,0.0008,0.002,0.0043,0.0085,0.0158,0.027,0.0427,0.0622,0.0836,0.1032,0.117,0.1213,0.1148,
0.0294,0.0294,0.0294,0.0294,0.0294,0.0294,0.0294,0.0294,0.0294,0.0294,0.0294,0.0294,0.0294,0.0294,0.0,0.0,0.0,0.0,0.0,0.0,0.0,0.0,0.0,0.0,0.0,0.0,0.0,0.0,0.0,0.0,0.0,0.0,0.0,0.0,0.0,0.0,0.0,0.0001,0.0003,0.0008,0.002,0.0043,0.0085,0.0158,0.027,0.0427,0.0622,0.0836,0.1032,0.117,0.1213,
0.0355,0.0355,0.0355,0.0355,0.0355,0.0355,0.0355,0.0355,0.0355,0.0355,0.0355,0.0355,0.0355,0.0355,0.0355,0.0,0.0,0.0,0.0,0.0,0.0,0.0,0.0,0.0,0.0,0.0,0.0,0.0,0.0,0.0,0.0,0.0,0.0,0.0,0.0,0.0,0.0,0.0,0.0001,0.0003,0.0008,0.002,0.0043,0.0085,0.0158,0.027,0.0427,0.0622,0.0836,0.1032,0.117,
0.0406,0.0406,0.0406,0.0406,0.0406,0.0406,0.0406,0.0406,0.0406,0.0406,0.0406,0.0406,0.0406,0.0406,0.0406,0.0406,0.0,0.0,0.0,0.0,0.0,0.0,0.0,0.0,0.0,0.0,0.0,0.0,0.0,0.0,0.0,0.0,0.0,0.0,0.0,0.0,0.0,0.0,0.0,0.0001,0.0003,0.0008,0.002,0.0043,0.0085,0.0158,0.027,0.0427,0.0622,0.0836,0.1032,
0.0443,0.0443,0.0443,0.0443,0.0443,0.0443,0.0443,0.0443,0.0443,0.0443,0.0443,0.0443,0.0443,0.0443,0.0443,0.0443,0.0443,0.0,0.0,0.0,0.0,0.0,0.0,0.0,0.0,0.0,0.0,0.0,0.0,0.0,0.0,0.0,0.0,0.0,0.0,0.0,0.0,0.0,0.0,0.0,0.0001,0.0003,0.0008,0.002,0.0043,0.0085,0.0158,0.027,0.0427,0.0622,0.0836,
0.0465,0.0465,0.0465,0.0465,0.0465,0.0465,0.0465,0.0465,0.0465,0.0465,0.0465,0.0465,0.0465,0.0465,0.0465,0.0465,0.0465,0.0465,0.0,0.0,0.0,0.0,0.0,0.0,0.0,0.0,0.0,0.0,0.0,0.0,0.0,0.0,0.0,0.0,0.0,0.0,0.0,0.0,0.0,0.0,0.0,0.0001,0.0003,0.0008,0.002,0.0043,0.0085,0.0158,0.027,0.0427,0.0622,
0.0473,0.0473,0.0473,0.0473,0.0473,0.0473,0.0473,0.0473,0.0473,0.0473,0.0473,0.0473,0.0473,0.0473,0.0473,0.0473,0.0473,0.0473,0.0473,0.0,0.0,0.0,0.0,0.0,0.0,0.0,0.0,0.0,0.0,0.0,0.0,0.0,0.0,0.0,0.0,0.0,0.0,0.0,0.0,0.0,0.0,0.0,0.0001,0.0003,0.0008,0.002,0.0043,0.0085,0.0158,0.027,0.0427,
0.0471,0.0471,0.0471,0.0471,0.0471,0.0471,0.0471,0.0471,0.0471,0.0471,0.0471,0.0471,0.0471,0.0471,0.0471,0.0471,0.0471,0.0471,0.0471,0.0471,0.0,0.0,0.0,0.0,0.0,0.0,0.0,0.0,0.0,0.0,0.0,0.0,0.0,0.0,0.0,0.0,0.0,0.0,0.0,0.0,0.0,0.0,0.0,0.0001,0.0003,0.0008,0.002,0.0043,0.0085,0.0158,0.027,
0.0461,0.0461,0.0461,0.0461,0.0461,0.0461,0.0461,0.0461,0.0461,0.0461,0.0461,0.0461,0.0461,0.0461,0.0461,0.0461,0.0461,0.0461,0.0461,0.0461,0.0461,0.0,0.0,0.0,0.0,0.0,0.0,0.0,0.0,0.0,0.0,0.0,0.0,0.0,0.0,0.0,0.0,0.0,0.0,0.0,0.0,0.0,0.0,0.0,0.0001,0.0003,0.0008,0.002,0.0043,0.0085,0.0158,
0.0447,0.0447,0.0447,0.0447,0.0447,0.0447,0.0447,0.0447,0.0447,0.0447,0.0447,0.0447,0.0447,0.0447,0.0447,0.0447,0.0447,0.0447,0.0447,0.0447,0.0447,0.0447,0.0,0.0,0.0,0.0,0.0,0.0,0.0,0.0,0.0,0.0,0.0,0.0,0.0,0.0,0.0,0.0,0.0,0.0,0.0,0.0,0.0,0.0,0.0,0.0001,0.0003,0.0008,0.002,0.0043,0.0085,
0.0431,0.0431,0.0431,0.0431,0.0431,0.0431,0.0431,0.0431,0.0431,0.0431,0.0431,0.0431,0.0431,0.0431,0.0431,0.0431,0.0431,0.0431,0.0431,0.0431,0.0431,0.0431,0.0431,0.0,0.0,0.0,0.0,0.0,0.0,0.0,0.0,0.0,0.0,0.0,0.0,0.0,0.0,0.0,0.0,0.0,0.0,0.0,0.0,0.0,0.0,0.0,0.0001,0.0003,0.0008,0.002,0.0043,
0.0415,0.0415,0.0415,0.0415,0.0415,0.0415,0.0415,0.0415,0.0415,0.0415,0.0415,0.0415,0.0415,0.0415,0.0415,0.0415,0.0415,0.0415,0.0415,0.0415,0.0415,0.0415,0.0415,0.0415,0.0,0.0,0.0,0.0,0.0,0.0,0.0,0.0,0.0,0.0,0.0,0.0,0.0,0.0,0.0,0.0,0.0,0.0,0.0,0.0,0.0,0.0,0.0,0.0001,0.0003,0.0008,0.002,
0.0399,0.0399,0.0399,0.0399,0.0399,0.0399,0.0399,0.0399,0.0399,0.0399,0.0399,0.0399,0.0399,0.0399,0.0399,0.0399,0.0399,0.0399,0.0399,0.0399,0.0399,0.0399,0.0399,0.0399,0.0399,0.0,0.0,0.0,0.0,0.0,0.0,0.0,0.0,0.0,0.0,0.0,0.0,0.0,0.0,0.0,0.0,0.0,0.0,0.0,0.0,0.0,0.0,0.0,0.0001,0.0003,0.0008,
0.0384,0.0384,0.0384,0.0384,0.0384,0.0384,0.0384,0.0384,0.0384,0.0384,0.0384,0.0384,0.0384,0.0384,0.0384,0.0384,0.0384,0.0384,0.0384,0.0384,0.0384,0.0384,0.0384,0.0384,0.0384,0.0384,0.0,0.0,0.0,0.0,0.0,0.0,0.0,0.0,0.0,0.0,0.0,0.0,0.0,0.0,0.0,0.0,0.0,0.0,0.0,0.0,0.0,0.0,0.0,0.0001,0.0003,
0.037,0.037,0.037,0.037,0.037,0.037,0.037,0.037,0.037,0.037,0.037,0.037,0.037,0.037,0.037,0.037,0.037,0.037,0.037,0.037,0.037,0.037,0.037,0.037,0.037,0.037,0.037,0.0,0.0,0.0,0.0,0.0,0.0,0.0,0.0,0.0,0.0,0.0,0.0,0.0,0.0,0.0,0.0,0.0,0.0,0.0,0.0,0.0,0.0,0.0,0.0001,
0.0357,0.0357,0.0357,0.0357,0.0357,0.0357,0.0357,0.0357,0.0357,0.0357,0.0357,0.0357,0.0357,0.0357,0.0357,0.0357,0.0357,0.0357,0.0357,0.0357,0.0357,0.0357,0.0357,0.0357,0.0357,0.0357,0.0357,0.0357,0.0,0.0,0.0,0.0,0.0,0.0,0.0,0.0,0.0,0.0,0.0,0.0,0.0,0.0,0.0,0.0,0.0,0.0,0.0,0.0,0.0,0.0,0.0,
0.0345,0.0345,0.0345,0.0345,0.0345,0.0345,0.0345,0.0345,0.0345,0.0345,0.0345,0.0345,0.0345,0.0345,0.0345,0.0345,0.0345,0.0345,0.0345,0.0345,0.0345,0.0345,0.0345,0.0345,0.0345,0.0345,0.0345,0.0345,0.0345,0.0,0.0,0.0,0.0,0.0,0.0,0.0,0.0,0.0,0.0,0.0,0.0,0.0,0.0,0.0,0.0,0.0,0.0,0.0,0.0,0.0,0.0,
0.0333,0.0333,0.0333,0.0333,0.0333,0.0333,0.0333,0.0333,0.0333,0.0333,0.0333,0.0333,0.0333,0.0333,0.0333,0.0333,0.0333,0.0333,0.0333,0.0333,0.0333,0.0333,0.0333,0.0333,0.0333,0.0333,0.0333,0.0333,0.0333,0.0333,0.0,0.0,0.0,0.0,0.0,0.0,0.0,0.0,0.0,0.0,0.0,0.0,0.0,0.0,0.0,0.0,0.0,0.0,0.0,0.0,0.0,
0.0323,0.0323,0.0323,0.0323,0.0323,0.0323,0.0323,0.0323,0.0323,0.0323,0.0323,0.0323,0.0323,0.0323,0.0323,0.0323,0.0323,0.0323,0.0323,0.0323,0.0323,0.0323,0.0323,0.0323,0.0323,0.0323,0.0323,0.0323,0.0323,0.0323,0.0323,0.0,0.0,0.0,0.0,0.0,0.0,0.0,0.0,0.0,0.0,0.0,0.0,0.0,0.0,0.0,0.0,0.0,0.0,0.0,0.0,
0.0312,0.0312,0.0312,0.0312,0.0312,0.0312,0.0312,0.0312,0.0312,0.0312,0.0312,0.0312,0.0312,0.0312,0.0312,0.0312,0.0312,0.0312,0.0312,0.0312,0.0312,0.0312,0.0312,0.0312,0.0312,0.0312,0.0312,0.0312,0.0312,0.0312,0.0312,0.0312,0.0,0.0,0.0,0.0,0.0,0.0,0.0,0.0,0.0,0.0,0.0,0.0,0.0,0.0,0.0,0.0,0.0,0.0,0.0,
0.0303,0.0303,0.0303,0.0303,0.0303,0.0303,0.0303,0.0303,0.0303,0.0303,0.0303,0.0303,0.0303,0.0303,0.0303,0.0303,0.0303,0.0303,0.0303,0.0303,0.0303,0.0303,0.0303,0.0303,0.0303,0.0303,0.0303,0.0303,0.0303,0.0303,0.0303,0.0303,0.0303,0.0,0.0,0.0,0.0,0.0,0.0,0.0,0.0,0.0,0.0,0.0,0.0,0.0,0.0,0.0,0.0,0.0,0.0,
0.0294,0.0294,0.0294,0.0294,0.0294,0.0294,0.0294,0.0294,0.0294,0.0294,0.0294,0.0294,0.0294,0.0294,0.0294,0.0294,0.0294,0.0294,0.0294,0.0294,0.0294,0.0294,0.0294,0.0294,0.0294,0.0294,0.0294,0.0294,0.0294,0.0294,0.0294,0.0294,0.0294,0.0294,0.0,0.0,0.0,0.0,0.0,0.0,0.0,0.0,0.0,0.0,0.0,0.0,0.0,0.0,0.0,0.0,0.0,
0.0286,0.0286,0.0286,0.0286,0.0286,0.0286,0.0286,0.0286,0.0286,0.0286,0.0286,0.0286,0.0286,0.0286,0.0286,0.0286,0.0286,0.0286,0.0286,0.0286,0.0286,0.0286,0.0286,0.0286,0.0286,0.0286,0.0286,0.0286,0.0286,0.0286,0.0286,0.0286,0.0286,0.0286,0.0286,0.0,0.0,0.0,0.0,0.0,0.0,0.0,0.0,0.0,0.0,0.0,0.0,0.0,0.0,0.0,0.0,
0.0278,0.0278,0.0278,0.0278,0.0278,0.0278,0.0278,0.0278,0.0278,0.0278,0.0278,0.0278,0.0278,0.0278,0.0278,0.0278,0.0278,0.0278,0.0278,0.0278,0.0278,0.0278,0.0278,0.0278,0.0278,0.0278,0.0278,0.0278,0.0278,0.0278,0.0278,0.0278,0.0278,0.0278,0.0278,0.0278,0.0,0.0,0.0,0.0,0.0,0.0,0.0,0.0,0.0,0.0,0.0,0.0,0.0,0.0,0.0,
0.027,0.027,0.027,0.027,0.027,0.027,0.027,0.027,0.027,0.027,0.027,0.027,0.027,0.027,0.027,0.027,0.027,0.027,0.027,0.027,0.027,0.027,0.027,0.027,0.027,0.027,0.027,0.027,0.027,0.027,0.027,0.027,0.027,0.027,0.027,0.027,0.027,0.0,0.0,0.0,0.0,0.0,0.0,0.0,0.0,0.0,0.0,0.0,0.0,0.0,0.0,
0.0263,0.0263,0.0263,0.0263,0.0263,0.0263,0.0263,0.0263,0.0263,0.0263,0.0263,0.0263,0.0263,0.0263,0.0263,0.0263,0.0263,0.0263,0.0263,0.0263,0.0263,0.0263,0.0263,0.0263,0.0263,0.0263,0.0263,0.0263,0.0263,0.0263,0.0263,0.0263,0.0263,0.0263,0.0263,0.0263,0.0263,0.0263,0.0,0.0,0.0,0.0,0.0,0.0,0.0,0.0,0.0,0.0,0.0,0.0,0.0,
0.0256,0.0256,0.0256,0.0256,0.0256,0.0256,0.0256,0.0256,0.0256,0.0256,0.0256,0.0256,0.0256,0.0256,0.0256,0.0256,0.0256,0.0256,0.0256,0.0256,0.0256,0.0256,0.0256,0.0256,0.0256,0.0256,0.0256,0.0256,0.0256,0.0256,0.0256,0.0256,0.0256,0.0256,0.0256,0.0256,0.0256,0.0256,0.0256,0.0,0.0,0.0,0.0,0.0,0.0,0.0,0.0,0.0,0.0,0.0,0.0,
0.025,0.025,0.025,0.025,0.025,0.025,0.025,0.025,0.025,0.025,0.025,0.025,0.025,0.025,0.025,0.025,0.025,0.025,0.025,0.025,0.025,0.025,0.025,0.025,0.025,0.025,0.025,0.025,0.025,0.025,0.025,0.025,0.025,0.025,0.025,0.025,0.025,0.025,0.025,0.025,0.0,0.0,0.0,0.0,0.0,0.0,0.0,0.0,0.0,0.0,0.0,
0.0244,0.0244,0.0244,0.0244,0.0244,0.0244,0.0244,0.0244,0.0244,0.0244,0.0244,0.0244,0.0244,0.0244,0.0244,0.0244,0.0244,0.0244,0.0244,0.0244,0.0244,0.0244,0.0244,0.0244,0.0244,0.0244,0.0244,0.0244,0.0244,0.0244,0.0244,0.0244,0.0244,0.0244,0.0244,0.0244,0.0244,0.0244,0.0244,0.0244,0.0244,0.0,0.0,0.0,0.0,0.0,0.0,0.0,0.0,0.0,0.0,
0.0238,0.0238,0.0238,0.0238,0.0238,0.0238,0.0238,0.0238,0.0238,0.0238,0.0238,0.0238,0.0238,0.0238,0.0238,0.0238,0.0238,0.0238,0.0238,0.0238,0.0238,0.0238,0.0238,0.0238,0.0238,0.0238,0.0238,0.0238,0.0238,0.0238,0.0238,0.0238,0.0238,0.0238,0.0238,0.0238,0.0238,0.0238,0.0238,0.0238,0.0238,0.0238,0.0,0.0,0.0,0.0,0.0,0.0,0.0,0.0,0.0,
0.0233,0.0233,0.0233,0.0233,0.0233,0.0233,0.0233,0.0233,0.0233,0.0233,0.0233,0.0233,0.0233,0.0233,0.0233,0.0233,0.0233,0.0233,0.0233,0.0233,0.0233,0.0233,0.0233,0.0233,0.0233,0.0233,0.0233,0.0233,0.0233,0.0233,0.0233,0.0233,0.0233,0.0233,0.0233,0.0233,0.0233,0.0233,0.0233,0.0233,0.0233,0.0233,0.0233,0.0,0.0,0.0,0.0,0.0,0.0,0.0,0.0,
0.0227,0.0227,0.0227,0.0227,0.0227,0.0227,0.0227,0.0227,0.0227,0.0227,0.0227,0.0227,0.0227,0.0227,0.0227,0.0227,0.0227,0.0227,0.0227,0.0227,0.0227,0.0227,0.0227,0.0227,0.0227,0.0227,0.0227,0.0227,0.0227,0.0227,0.0227,0.0227,0.0227,0.0227,0.0227,0.0227,0.0227,0.0227,0.0227,0.0227,0.0227,0.0227,0.0227,0.0227,0.0,0.0,0.0,0.0,0.0,0.0,0.0,
0.0222,0.0222,0.0222,0.0222,0.0222,0.0222,0.0222,0.0222,0.0222,0.0222,0.0222,0.0222,0.0222,0.0222,0.0222,0.0222,0.0222,0.0222,0.0222,0.0222,0.0222,0.0222,0.0222,0.0222,0.0222,0.0222,0.0222,0.0222,0.0222,0.0222,0.0222,0.0222,0.0222,0.0222,0.0222,0.0222,0.0222,0.0222,0.0222,0.0222,0.0222,0.0222,0.0222,0.0222,0.0222,0.0,0.0,0.0,0.0,0.0,0.0,
0.0217,0.0217,0.0217,0.0217,0.0217,0.0217,0.0217,0.0217,0.0217,0.0217,0.0217,0.0217,0.0217,0.0217,0.0217,0.0217,0.0217,0.0217,0.0217,0.0217,0.0217,0.0217,0.0217,0.0217,0.0217,0.0217,0.0217,0.0217,0.0217,0.0217,0.0217,0.0217,0.0217,0.0217,0.0217,0.0217,0.0217,0.0217,0.0217,0.0217,0.0217,0.0217,0.0217,0.0217,0.0217,0.0217,0.0,0.0,0.0,0.0,0.0,
0.0213,0.0213,0.0213,0.0213,0.0213,0.0213,0.0213,0.0213,0.0213,0.0213,0.0213,0.0213,0.0213,0.0213,0.0213,0.0213,0.0213,0.0213,0.0213,0.0213,0.0213,0.0213,0.0213,0.0213,0.0213,0.0213,0.0213,0.0213,0.0213,0.0213,0.0213,0.0213,0.0213,0.0213,0.0213,0.0213,0.0213,0.0213,0.0213,0.0213,0.0213,0.0213,0.0213,0.0213,0.0213,0.0213,0.0213,0.0,0.0,0.0,0.0,
0.0208,0.0208,0.0208,0.0208,0.0208,0.0208,0.0208,0.0208,0.0208,0.0208,0.0208,0.0208,0.0208,0.0208,0.0208,0.0208,0.0208,0.0208,0.0208,0.0208,0.0208,0.0208,0.0208,0.0208,0.0208,0.0208,0.0208,0.0208,0.0208,0.0208,0.0208,0.0208,0.0208,0.0208,0.0208,0.0208,0.0208,0.0208,0.0208,0.0208,0.0208,0.0208,0.0208,0.0208,0.0208,0.0208,0.0208,0.0208,0.0,0.0,0.0,
0.0204,0.0204,0.0204,0.0204,0.0204,0.0204,0.0204,0.0204,0.0204,0.0204,0.0204,0.0204,0.0204,0.0204,0.0204,0.0204,0.0204,0.0204,0.0204,0.0204,0.0204,0.0204,0.0204,0.0204,0.0204,0.0204,0.0204,0.0204,0.0204,0.0204,0.0204,0.0204,0.0204,0.0204,0.0204,0.0204,0.0204,0.0204,0.0204,0.0204,0.0204,0.0204,0.0204,0.0204,0.0204,0.0204,0.0204,0.0204,0.0204,0.0,0.0,
0.02,0.02,0.02,0.02,0.02,0.02,0.02,0.02,0.02,0.02,0.02,0.02,0.02,0.02,0.02,0.02,0.02,0.02,0.02,0.02,0.02,0.02,0.02,0.02,0.02,0.02,0.02,0.02,0.02,0.02,0.02,0.02,0.02,0.02,0.02,0.02,0.02,0.02,0.02,0.02,0.02,0.02,0.02,0.02,0.02,0.02,0.02,0.02,0.02,0.02,0.0,
